0.00 0.00
0.00 0.00
0.00 0.00
0.00 0.00
0.00 0.00
0.00 0.00
0.00 0.00
0.00 0.00
0.00 0.00
0.00 0.00
0.00 0.00
0.00 0.00
0.00 0.00
0.00 0.00
0.00 0.00
0.00 0.00
0.00 0.00
0.00 0.00
0.00 0.00
0.00 0.00
0.00 0.00
0.00 0.00
0.00 0.00
0.00 0.00
0.00 0.00
0.00 0.00
0.00 0.00
0.00 0.00
0.00 0.00
0.00 0.00
0.00 0.00
0.00 0.00
0.00 0.00
0.00 0.00
0.00 0.00
0.00 0.00
0.00 0.00
0.00 0.00
0.00 0.00
0.00 0.00
0.00 0.00
0.00 0.00
0.00 0.00
0.00 0.00
0.00 0.00
0.00 0.00
0.00 0.00
0.00 0.00
0.00 0.00
0.00 0.00
0.00 0.00
0.00 0.00
0.00 0.00
0.00 0.00
0.00 0.00
0.00 0.00
0.00 0.00
0.00 0.00
0.00 0.00
0.00 0.00
0.00 0.00
0.00 0.00
0.00 0.00
0.00 0.00
0.00 0.00
0.00 0.00
0.00 0.00
0.00 0.00
0.00 0.00
0.00 0.00
0.00 0.00
0.00 0.00
0.00 0.00
0.00 0.00
0.00 0.00
0.00 0.00
0.00 0.00
0.00 0.00
0.00 0.00
0.00 0.00
0.00 0.00
0.00 0.00
0.00 0.00
0.00 0.00
0.00 0.00
0.00 0.00
0.00 0.00
0.00 0.00
0.00 0.00
0.00 0.00
0.00 0.00
0.00 0.00
0.00 0.00
0.00 0.00
0.00 0.00
0.00 0.00
0.00 0.00
0.00 0.00
0.00 0.00
0.00 0.00
0.00 0.00
0.00 0.00
0.00 0.00
0.00 0.00
0.00 0.00
0.00 0.00
0.00 0.00
0.00 0.00
0.00 0.00
0.00 0.00
0.00 0.00
0.00 0.00
0.00 0.00
0.00 0.00
0.00 0.00
0.00 0.00
0.00 0.00
0.00 0.00
0.00 0.00
0.00 0.00
0.00 0.00
0.00 0.00
0.00 0.00
0.00 0.00
0.00 0.00
0.00 0.00
0.00 0.00
0.00 0.00
0.00 0.00
0.00 0.00
0.00 0.00
0.00 0.00
0.00 0.00
0.00 0.00
0.00 0.00
0.00 0.00
0.00 0.00
0.00 0.00
0.00 0.00
0.00 0.00
0.00 0.00
0.00 0.00
0.00 0.00
0.00 0.00
0.00 0.00
0.00 0.00
0.00 0.00
0.00 0.00
0.00 0.00
0.00 0.00
0.00 0.00
0.00 0.00
0.00 0.00
0.00 0.00
0.00 0.00
0.00 0.00
0.00 0.00
0.00 0.00
0.00 0.00
0.00 0.00
0.00 0.00
0.00 0.00
0.00 0.00
0.00 0.00
0.00 0.00
0.00 0.00
0.00 0.00
0.00 0.00
0.00 0.00
0.00 0.00
0.00 0.00
0.00 0.00
0.00 0.00
0.00 0.00
-2.53 -1.48
-2.53 -1.48
-2.53 -1.48
-2.53 -1.48
-2.53 -1.48
-2.53 -1.48
-2.55 -1.48
-2.55 -1.48
-2.55 -1.48
-2.55 -1.48
-2.59 -1.49
-2.59 -1.49
-2.59 -1.49
-2.59 -1.49
-2.59 -1.49
-2.56 -1.41
-2.56 -1.41
-2.56 -1.41
-2.56 -1.41
-2.56 -1.41
-2.64 -1.47
-2.64 -1.47
-2.64 -1.47
-2.64 -1.47
-2.64 -1.47
-2.54 -1.57
-2.54 -1.57
-2.54 -1.57
-2.54 -1.57
-2.54 -1.57
-2.56 -1.47
-2.56 -1.47
-2.56 -1.47
-2.56 -1.47
-2.56 -1.47
-2.53 -1.50
-2.53 -1.50
-2.53 -1.50
-2.53 -1.50
-2.53 -1.50
-2.68 -1.50
-2.68 -1.50
-2.68 -1.50
-2.68 -1.50
-2.68 -1.50
-2.38 -1.50
-2.38 -1.50
-2.38 -1.50
-2.38 -1.50
-2.42 -1.44
-2.19 -1.48
-2.19 -1.48
-2.19 -1.48
-2.19 -1.48
-2.52 -1.56
-2.52 -1.56
-2.52 -1.56
-2.52 -1.56
-2.52 -1.56
-2.24 -1.48
-2.24 -1.48
-2.24 -1.48
-2.24 -1.48
-2.24 -1.48
-2.01 -1.48
-2.01 -1.48
-2.01 -1.48
-2.01 -1.48
-2.01 -1.48
-2.53 -1.50
-2.53 -1.50
-2.53 -1.50
-2.53 -1.50
-2.53 -1.50
-2.59 -1.51
-2.59 -1.51
-2.59 -1.51
-2.59 -1.51
-2.59 -1.51
-2.56 -1.50
-2.56 -1.50
-2.56 -1.50
-2.56 -1.50
-2.56 -1.50
-2.55 -1.50
-2.55 -1.50
-2.55 -1.50
-2.55 -1.50
-2.55 -1.50
-2.19 -1.50
-2.19 -1.50
-2.19 -1.50
-2.19 -1.50
-2.19 -1.50
-2.21 -1.50
-2.21 -1.50
-2.21 -1.50
-2.21 -1.50
-2.21 -1.50
-2.51 -1.49
-2.51 -1.49
-2.51 -1.49
-2.51 -1.49
-2.51 -1.49
-2.54 -1.49
-2.54 -1.49
-2.54 -1.49
-2.54 -1.49
-2.54 -1.49
-2.33 -1.39
-2.33 -1.39
-2.33 -1.39
-2.33 -1.39
-2.33 -1.39
-2.53 -1.49
-2.53 -1.49
-2.53 -1.49
-2.53 -1.49
-2.53 -1.49
-2.53 -1.30
-2.53 -1.30
-2.53 -1.30
-2.53 -1.30
-2.62 -1.50
-2.62 -1.50
-2.62 -1.50
-2.62 -1.50
-2.62 -1.50
-2.55 -1.34
-2.55 -1.34
-2.55 -1.34
-2.55 -1.34
-2.55 -1.34
-2.12 -1.58
-2.12 -1.58
-2.12 -1.58
-2.12 -1.58
-2.12 -1.58
-1.91 -1.98
-1.91 -1.98
-1.91 -1.98
-1.91 -1.98
-1.91 -1.98
-2.74 -1.30
-2.74 -1.30
-2.74 -1.30
-2.74 -1.30
-3.43 -0.80
-3.35 -0.47
-3.35 -0.47
-3.35 -0.47
-3.35 -0.47
-4.09 -0.74
-3.69 -0.43
-3.69 -0.43
-3.69 -0.43
-3.69 -0.43
-4.10 -1.83
-4.19 -2.21
-4.19 -2.21
-4.19 -2.21
-4.19 -2.21
-3.32 -2.80
-3.34 -2.86
-3.34 -2.86
-3.34 -2.86
-3.34 -2.86
-2.75 -2.92
-2.75 -2.92
-2.75 -2.92
-2.75 -2.92
-2.75 -2.92
-2.41 -2.99
-2.41 -2.99
-2.41 -2.99
-2.41 -2.99
-1.73 -3.34
-1.69 -2.76
-1.69 -2.76
-1.69 -2.76
-1.69 -2.76
-3.02 -2.26
-3.47 -2.38
-3.47 -2.38
-3.47 -2.38
-3.47 -2.38
-2.98 -3.65
-2.45 -3.68
-2.45 -3.68
-2.45 -3.68
-2.00 -5.20
-2.00 -5.20
-2.00 -5.20
-2.00 -5.20
-2.00 -5.20
-3.66 -3.04
-3.66 -3.04
-3.66 -3.04
-3.66 -3.04
-4.52 -3.26
-2.19 -2.60
-2.19 -2.60
-2.19 -2.60
-2.19 -2.60
-2.36 -3.50
-1.80 -3.11
-1.80 -3.11
-1.80 -3.11
-1.80 -3.11
-1.47 -3.41
-3.01 -3.81
-3.01 -3.81
-3.01 -3.81
-3.01 -3.81
-2.77 -2.53
-2.77 -2.53
-2.77 -2.53
-2.77 -2.53
-2.77 -2.53
-3.61 -1.22
-3.61 -1.22
-3.61 -1.22
-3.61 -1.22
-3.61 -1.22
-1.65 -0.36
-1.65 -0.36
-1.65 -0.36
-1.65 -0.36
-1.65 -0.36
-2.25 -0.95
-2.25 -0.95
-2.25 -0.95
-2.25 -0.95
-2.25 -0.95
-2.48 -1.67
-2.48 -1.67
-2.48 -1.67
-2.48 -1.67
-2.48 -1.67
-2.14 -0.94
-2.14 -0.94
-2.14 -0.94
-2.14 -0.94
-2.14 -0.94
-2.49 -1.16
-2.49 -1.16
-2.49 -1.16
-2.49 -1.16
-2.49 -1.16
-2.51 -1.55
-2.51 -1.55
-2.51 -1.55
-2.51 -1.55
-2.56 -1.50
-2.46 -1.51
-2.46 -1.51
-2.46 -1.51
-2.46 -1.51
-2.11 -1.50
-2.11 -1.50
-2.11 -1.50
-2.11 -1.50
-2.11 -1.50
-2.08 -1.49
-2.08 -1.49
-2.08 -1.49
-2.08 -1.49
-2.08 -1.49
-2.56 -1.45
-2.56 -1.45
-2.56 -1.45
-2.56 -1.45
-2.56 -1.45
-2.11 -0.77
-2.05 -0.85
-2.05 -0.85
-2.05 -0.85
-2.05 -0.85
-2.59 -1.35
-2.59 -1.35
-2.59 -1.35
-2.59 -1.35
-2.59 -1.35
-1.38 -1.23
-1.38 -1.23
-1.38 -1.23
-1.38 -1.23
-1.38 -1.23
-1.46 -1.11
-1.46 -1.11
-1.46 -1.11
-1.46 -1.11
-2.32 -1.22
-2.32 -1.22
-2.32 -1.22
-2.32 -1.22
-2.32 -1.22
-3.71 -1.39
-3.71 -1.39
-3.71 -1.39
-3.71 -1.39
-3.71 -1.39
-1.85 -3.36
-1.85 -3.36
-1.85 -3.36
-1.85 -3.36
-1.85 -3.36
-1.28 -2.34
-1.28 -2.34
-1.28 -2.34
-1.28 -2.34
-1.28 -2.34
-0.46 -0.88
-0.46 -0.88
-0.46 -0.88
-0.46 -0.88
-0.46 -0.88
-2.27 -1.53
-2.27 -1.53
-2.27 -1.53
-2.27 -1.53
-2.27 -1.53
-0.98 -0.20
-0.98 -0.20
-0.98 -0.20
-0.98 -0.20
-0.98 -0.20
-0.57 -1.10
-0.57 -1.10
-0.57 -1.10
-0.57 -1.10
-0.57 -1.10
-1.35 0.07
-1.35 0.07
-1.35 0.07
-1.35 0.07
-1.35 0.07
-1.91 0.43
-1.91 0.43
-1.91 0.43
-1.91 0.43
-1.91 0.43
-2.33 2.08
-2.33 2.08
-2.33 2.08
-2.33 2.08
-2.33 2.08
-2.88 2.87
-2.88 2.87
-2.88 2.87
-2.88 2.87
-2.88 2.87
-2.46 2.95
-2.46 2.95
-2.46 2.95
-2.46 2.95
-2.46 2.95
-1.54 1.99
-1.54 1.99
-1.54 1.99
-1.54 1.99
-1.54 1.99
-0.92 0.95
-0.92 0.95
-0.92 0.95
-0.92 0.95
-0.92 0.95
-0.94 -0.17
-0.94 -0.17
-0.94 -0.17
-0.94 -0.17
-1.74 0.62
-1.96 0.41
-1.96 0.41
-1.96 0.41
-1.96 0.41
-0.92 0.65
-0.92 0.65
-0.92 0.65
-0.92 0.65
-0.92 0.65
0.09 -0.97
0.09 -0.97
0.09 -0.97
0.09 -0.97
0.09 -0.97
-0.43 -0.07
-0.43 -0.07
-0.43 -0.07
-0.43 -0.07
-0.43 -0.07
0.40 -0.95
0.40 -0.95
0.40 -0.95
0.40 -0.95
-2.23 -0.12
-2.17 0.24
-2.17 0.24
-2.17 0.24
-2.17 0.24
-2.51 -2.02
-2.51 -2.02
-2.51 -2.02
-2.51 -2.02
-2.51 -2.02
-3.47 0.21
-3.47 0.21
-3.47 0.21
-3.47 0.21
-3.47 0.21
-1.86 -0.64
-1.86 -0.64
-1.86 -0.64
-1.86 -0.64
-1.86 -0.64
-0.53 -4.46
-0.53 -4.46
-0.53 -4.46
-0.53 -4.46
-0.53 -4.46
-2.56 -1.45
-2.56 -1.45
-2.56 -1.45
-2.56 -1.45
-2.56 -1.45
-1.80 -1.31
-1.80 -1.31
-1.80 -1.31
-1.80 -1.31
-1.80 -1.31
-2.44 -1.45
-2.44 -1.45
-2.44 -1.45
-2.44 -1.45
-2.44 -1.45
-2.69 -1.52
-2.69 -1.52
-2.69 -1.52
-2.69 -1.52
-2.69 -1.52
-2.20 -1.85
-2.20 -1.85
-2.20 -1.85
-2.20 -1.85
-2.20 -1.85
-2.34 -1.77
-2.34 -1.77
-2.34 -1.77
-2.34 -1.77
-2.34 -1.77
-2.20 -1.50
-2.20 -1.50
-2.20 -1.50
-2.20 -1.50
-2.20 -1.50
-2.42 -1.69
-2.42 -1.69
-2.42 -1.69
-2.42 -1.69
-2.42 -1.69
-1.60 -1.13
-1.60 -1.13
-1.60 -1.13
-1.60 -1.13
-1.60 -1.13
-2.53 -1.68
-2.53 -1.68
-2.53 -1.68
-2.53 -1.68
-2.53 -1.68
-2.20 -1.73
-2.20 -1.73
-2.20 -1.73
-2.20 -1.73
-2.20 -1.73
-2.17 -1.52
-2.17 -1.52
-2.17 -1.52
-2.17 -1.52
-2.17 -1.52
-4.42 1.06
-4.42 1.06
-4.42 1.06
-4.42 1.06
-4.42 1.06
-3.77 -2.38
-3.77 -2.38
-3.77 -2.38
-3.77 -2.38
-3.77 -2.38
-4.03 1.19
-4.03 1.19
-4.03 1.19
-4.03 1.19
-3.31 0.20
-3.16 0.35
-3.16 0.35
-3.16 0.35
-3.16 0.35
-2.56 -0.12
-2.56 -0.12
-2.56 -0.12
-2.56 -0.12
-2.56 -0.12
-2.41 -1.24
-2.41 -1.24
-2.41 -1.24
-2.41 -1.24
-0.70 -0.85
-0.70 -0.85
-0.70 -0.85
-0.70 -0.85
-0.70 -0.85
-0.01 -6.01
-0.01 -6.01
-0.01 -6.01
-0.01 -6.01
-0.01 -6.01
-1.22 -4.29
-1.22 -4.29
-1.22 -4.29
-1.22 -4.29
-1.03 -3.63
-1.03 -3.63
-1.03 -3.63
-1.03 -3.63
-1.03 -3.63
-0.96 -1.39
-1.35 -1.58
-1.35 -1.58
-1.35 -1.58
-1.35 -1.58
-0.58 -3.81
-0.58 -3.81
-0.58 -3.81
-0.58 -3.81
-0.58 -3.81
-0.17 -4.66
-0.17 -4.66
-0.17 -4.66
-0.17 -4.66
-0.17 -4.66
-0.80 -5.16
-0.80 -5.16
-0.80 -5.16
-0.80 -5.16
-0.80 -5.16
-1.19 -4.94
-1.19 -4.94
-1.19 -4.94
-1.19 -4.94
-1.19 -4.94
-2.81 -3.44
-2.81 -3.44
-2.81 -3.44
-2.81 -3.44
-2.29 -4.36
-2.29 -4.36
-2.29 -4.36
-2.29 -4.36
-2.29 -4.36
-2.19 -3.60
-2.19 -3.60
-2.19 -3.60
-2.19 -3.60
-2.19 -3.60
-2.79 -0.77
-2.79 -0.77
-2.79 -0.77
-2.79 -0.77
-2.79 -0.77
-2.56 -1.57
-2.56 -1.57
-2.56 -1.57
-2.56 -1.57
-2.56 -1.57
-2.58 -1.37
-2.58 -1.37
-2.58 -1.37
-2.58 -1.37
-2.58 -1.37
-2.55 -1.51
-2.55 -1.51
-2.55 -1.51
-2.55 -1.51
-2.55 -1.51
-2.54 -1.53
-2.54 -1.53
-2.54 -1.53
-2.54 -1.53
-2.54 -1.53
-2.58 -1.52
-2.58 -1.52
-2.58 -1.52
-2.58 -1.52
-2.58 -1.52
-2.56 -1.50
-2.56 -1.50
-2.56 -1.50
-2.56 -1.50
-2.56 -1.50
-2.34 -1.39
-2.34 -1.39
-2.34 -1.39
-2.34 -1.39
-2.34 -1.39
-2.55 -1.50
-2.55 -1.50
-2.55 -1.50
-2.55 -1.50
-2.55 -1.50
-2.14 -1.50
-2.14 -1.50
-2.14 -1.50
-2.14 -1.50
-2.14 -1.50
-2.03 -1.39
-2.03 -1.39
-2.03 -1.39
-2.03 -1.39
-2.03 -1.39
-2.16 -1.50
-2.16 -1.50
-2.16 -1.50
-2.16 -1.50
-2.56 -1.50
-2.50 -1.50
-2.50 -1.50
-2.50 -1.50
-2.50 -1.50
-2.10 -1.49
-2.10 -1.49
-2.10 -1.49
-2.10 -1.49
-2.10 -1.49
-2.55 -1.50
-2.55 -1.50
-2.55 -1.50
-2.55 -1.50
-2.53 -1.50
-2.52 -1.49
-2.52 -1.49
-2.52 -1.49
-2.52 -1.49
-2.48 -1.50
-2.48 -1.50
-2.48 -1.50
-2.48 -1.50
-2.48 -1.50
-2.09 -1.49
-2.09 -1.49
-2.09 -1.49
-2.09 -1.49
-2.09 -1.49
-2.09 -1.49
-2.09 -1.49
-2.09 -1.49
-2.09 -1.49
-2.09 -1.49
-2.15 -1.50
-2.15 -1.50
-2.15 -1.50
-2.15 -1.50
-2.15 -1.50
-2.19 -1.50
-2.19 -1.50
-2.19 -1.50
-2.19 -1.50
-2.19 -1.50
-2.10 -1.50
-2.10 -1.50
-2.10 -1.50
-2.10 -1.50
-2.23 -1.50
-2.23 -1.50
-2.23 -1.50
-2.23 -1.50
-2.23 -1.50
-2.08 -1.49
-2.08 -1.49
-2.08 -1.49
-2.08 -1.49
-2.08 -1.49
-2.55 -1.50
-2.55 -1.50
-2.55 -1.50
-2.55 -1.50
-2.55 -1.50
-2.03 -1.50
-2.03 -1.50
-2.03 -1.50
-2.03 -1.50
-2.03 -1.50
-2.10 -1.45
-2.10 -1.45
-2.10 -1.45
-2.10 -1.45
-2.10 -1.45
-1.99 -1.50
-1.99 -1.50
-1.99 -1.50
-1.99 -1.50
-1.99 -1.50
-2.18 -1.50
-2.18 -1.50
-2.18 -1.50
-2.18 -1.50
-2.18 -1.50
-2.09 -1.49
-2.09 -1.49
-2.09 -1.49
-2.09 -1.49
-2.09 -1.49
-2.55 -1.50
-2.55 -1.50
-2.55 -1.50
-2.55 -1.50
-2.06 -1.50
-2.06 -1.50
-2.06 -1.50
-2.06 -1.50
-2.06 -1.50
-2.10 -1.50
-2.10 -1.50
-2.10 -1.50
-2.10 -1.50
-2.10 -1.50
-2.18 -1.50
-2.18 -1.50
-2.18 -1.50
-2.18 -1.50
-2.18 -1.50
-2.27 -1.50
-2.27 -1.50
-2.27 -1.50
-2.27 -1.50
-2.27 -1.50
-2.57 -1.50
-2.57 -1.50
-2.57 -1.50
-2.57 -1.50
-2.57 -1.50
-2.12 -1.50
-2.12 -1.50
-2.12 -1.50
-2.12 -1.50
-2.57 -1.49
-2.57 -1.49
-2.57 -1.49
-2.57 -1.49
-2.57 -1.49
-2.09 -1.49
-2.09 -1.49
-2.09 -1.49
-2.09 -1.49
-2.09 -1.49
-2.10 -1.49
-2.10 -1.49
-2.10 -1.49
-2.10 -1.49
-2.10 -1.49
-2.18 -1.87
-2.18 -1.87
-2.18 -1.87
-2.18 -1.87
-2.54 -1.47
-2.10 -1.48
-2.10 -1.48
-2.10 -1.48
-2.10 -1.48
-2.60 -1.49
-2.60 -1.49
-2.60 -1.49
-2.60 -1.49
-2.60 -1.49
-2.55 -1.50
-2.55 -1.50
-2.55 -1.50
-2.55 -1.50
-2.55 -1.50
-2.55 -1.51
-2.55 -1.51
-2.55 -1.51
-2.55 -1.51
-2.55 -1.51
-2.32 -1.41
-2.32 -1.41
-2.32 -1.41
-2.32 -1.41
-2.32 -1.41
-2.05 -1.49
-2.05 -1.49
-2.05 -1.49
-2.05 -1.49
-2.05 -1.49
-2.56 -1.48
-2.56 -1.48
-2.56 -1.48
-2.56 -1.48
-2.56 -1.48
-2.09 -1.49
-2.09 -1.49
-2.09 -1.49
-2.09 -1.49
-2.10 -1.50
-2.03 -1.50
-2.03 -1.50
-2.03 -1.50
-2.03 -1.50
-2.09 -1.50
-2.33 -1.50
-2.33 -1.50
-2.33 -1.50
-2.33 -1.50
-2.08 -1.49
-2.08 -1.49
-2.08 -1.49
-2.08 -1.49
-2.08 -1.49
-2.02 -1.48
-2.12 -1.50
-2.12 -1.50
-2.12 -1.50
-2.12 -1.50
-2.52 -1.50
-2.52 -1.50
-2.52 -1.50
-2.52 -1.50
-2.60 -1.50
-2.60 -1.50
-2.60 -1.50
-2.60 -1.50
-2.53 -0.98
-2.53 -0.98
-2.53 -0.98
-2.53 -0.98
-2.53 -0.98
-2.22 -1.50
-2.22 -1.50
-2.22 -1.50
-2.22 -1.50
-2.22 -1.50
-2.20 -1.50
-2.40 -1.50
-2.40 -1.50
-2.40 -1.50
-2.40 -1.50
-2.58 -1.50
-2.58 -1.50
-2.58 -1.50
-2.58 -1.50
-2.58 -1.50
-2.45 -1.50
-2.45 -1.50
-2.45 -1.50
-2.45 -1.50
-2.45 -1.50
-2.53 -1.51
-2.53 -1.51
-2.53 -1.51
-2.53 -1.51
-2.53 -1.51
-2.08 -1.49
-2.08 -1.49
-2.08 -1.49
-2.08 -1.49
-2.08 -1.49
-2.13 -1.50
-2.13 -1.50
-2.13 -1.50
-2.13 -1.50
-2.13 -1.50
-2.09 -1.49
-2.09 -1.49
-2.09 -1.49
-2.09 -1.49
-2.09 -1.49
-2.56 -1.50
-2.56 -1.50
-2.56 -1.50
-2.56 -1.50
-2.56 -1.50
-2.08 -1.49
-2.08 -1.49
-2.08 -1.49
-2.08 -1.49
-2.08 -1.49
-2.05 -1.49
-2.05 -1.49
-2.05 -1.49
-2.05 -1.49
-2.05 -1.49
-2.09 -1.50
-2.09 -1.50
-2.09 -1.50
-2.09 -1.50
-2.09 -1.50
-2.10 -1.58
-2.10 -1.58
-2.10 -1.58
